U : [1272.4818462047106, 1361.4759239050588, 1279.1374099708426, 1219.4863720825324]
Effectivness : [0.5194805194805195, 0.45721271393643026, 0.49140049140049136, 0.5160493827160494]
